{
  "samples": [
    {
      "x": 1.374775,
      "y": 5.553456,
      "heading": -1.6685606581763757e-21,
      "angularVelocity": -3.6511294896083125e-22,
      "velocityX": -3.042494148879627e-23,
      "velocityY": 1.1930962906565418e-26,
      "timestamp": 0
    },
    {
      "x": 1.4579244399999998,
      "y": 5.553456001087535,
      "heading": -0.000029838741610371964,
      "angularVelocity": -0.000317132173601123,
      "velocityX": 0.8837290454551002,
      "velocityY": 1.1558543733562937e-8,
      "timestamp": 0.09408929176609727
    },
    {
      "x": 1.54107388,
      "y": 5.553456,
      "heading": 3.468192427304513e-21,
      "angularVelocity": 0.00031713217360112303,
      "velocityX": 0.8837290454551072,
      "velocityY": -1.1558547267345956e-8,
      "timestamp": 0.18817858353219455
    },
    {
      "x": 1.54107388,
      "y": 5.553456,
      "heading": 1.7435557249719943e-21,
      "angularVelocity": 2.0107519980099982e-22,
      "velocityX": -6.080437307991071e-23,
      "velocityY": -2.3313889269787617e-26,
      "timestamp": 0.28226787529829184
    }
  ],
  "eventMarkers": []
}